70
2 58 800 115 
2 58 600 100 
2 50 700 120 
2 48 600 97 
2 40 700 100 
2 32 0 97 
2 31 300 100 
2 31 100 100 
2 30 300 119 
2 29 600 97 
2 28 400 120 
2 27 900 97 
2 26 800 119 
2 26 400 97 
2 25 300 120 
2 25 200 97 
2 24 400 120 
2 24 300 97 
2 21 200 120 
2 20 0 100 
2 19 900 120 
2 19 200 100 
2 19 100 120 
2 18 600 100 
2 18 500 120 
2 18 0 100 
2 17 800 120 
2 17 400 100 
2 17 300 120 
2 15 700 100 
2 15 600 120 
2 14 100 119 
2 12 100 120 
2 12 0 97 
2 10 500 119 
2 9 500 97 
2 8 300 98 
2 7 300 100 
2 7 0 120 
2 5 300 100 
1 57 700 119 
1 57 400 97 
1 56 600 119 
1 56 500 97 
1 55 100 120 
1 54 900 97 
1 53 600 119 
1 52 700 97 
1 52 600 119 
1 52 100 97 
1 52 0 119 
1 51 600 97 
1 51 400 119 
1 50 600 97 
1 50 500 119 
1 49 900 97 
1 49 800 119 
1 49 0 97 
1 48 800 119 
1 46 900 97 
1 45 300 115 
1 44 900 100 
1 43 900 120 
1 43 300 100 
1 42 900 120 
1 42 200 100 
1 42 100 120 
1 41 500 100 
1 41 300 120 
1 40 700 100 
1 40 600 120 
1 39 900 100 
1 39 800 120 
1 38 600 97 
1 37 300 119 
1 36 100 97 
1 35 400 98 
1 34 400 120 
1 33 900 97 
1 32 400 119 
1 31 900 97 
1 30 800 120 
1 30 0 97 
1 27 600 119 
1 26 300 100 
1 25 400 120 
1 25 100 100 
1 23 700 119 
1 23 300 100 
1 22 300 120 
1 22 100 100 
1 17 600 115 
1 16 0 120 
1 15 200 97 
1 13 200 119 
1 12 500 100 
1 12 300 100 
1 11 700 120 
1 11 400 100 
1 10 400 119 
1 9 800 100 
1 9 100 120 
1 8 500 100 
1 4 500 119 
1 3 200 97 
0 59 100 120 
0 58 400 100 
0 56 600 119 
0 55 600 97 
0 55 500 119 
0 54 400 120 
0 53 300 100 
0 52 400 97 
0 51 200 119 
0 50 600 97 
0 48 0 98 
0 46 700 119 
0 46 600 97 
0 45 900 119 
0 45 400 97 
0 44 200 120 
0 44 0 120 
0 43 900 97 
0 43 700 97 
0 43 200 119 
0 43 100 97 
0 41 400 120 
0 40 800 97 
0 40 0 119 
0 39 500 97 
0 36 700 115 
0 36 0 120 
0 35 800 97 
0 35 300 97 
0 34 600 119 
0 34 400 97 
0 33 200 120 
0 31 100 98 
0 30 300 97 
0 29 800 120 
0 29 200 97 
0 28 0 119 
0 27 900 97 
0 27 200 120 
