70
2 17 100 115 
2 16 500 119 
2 12 300 98 
2 11 900 119 
2 10 400 100 
2 3 100 120 
2 1 100 97 
1 54 100 100 
1 46 900 119 
1 46 500 97 
1 45 600 120 
1 45 100 97 
1 43 300 119 
1 42 300 97 
1 42 100 119 
1 40 900 115 
1 40 500 100 
1 39 900 120 
1 39 600 100 
1 32 100 119 
1 32 0 97 
1 31 400 119 
1 31 200 100 
1 30 400 119 
1 29 900 97 
1 28 600 120 
1 28 300 97 
1 27 200 119 
1 27 100 97 
1 25 300 120 
1 25 100 97 
1 24 200 119 
1 23 0 120 
1 22 900 97 
1 22 0 120 
1 21 400 100 
1 20 600 120 
1 20 100 97 
1 18 400 98 
1 18 0 97 
1 17 400 120 
1 16 800 97 
1 16 100 115 
1 15 700 119 
1 15 200 97 
1 13 800 120 
1 13 700 97 
1 13 0 120 
1 12 600 100 
1 11 900 97 
1 10 900 119 
1 9 500 98 
1 9 100 97 
1 8 500 119 
1 8 400 97 
1 7 500 120 
1 7 400 97 
1 6 900 119 
1 6 400 100 
1 3 400 120 
1 3 100 100 
1 0 700 115 
1 0 300 100 
1 0 0 120 
0 59 400 100 
0 55 700 119 
0 55 600 100 
0 54 900 119 
0 54 0 97 
0 49 700 120 
0 49 0 100 
0 48 0 119 
0 47 700 100 
0 46 800 120 
0 46 200 100 
0 45 500 97 
0 44 600 119 
0 44 400 97 
0 41 400 120 
0 39 800 98 
0 39 300 119 
0 38 800 97 
0 37 200 120 
0 37 100 97 
0 36 200 119 
0 36 0 97 
0 33 0 120 
0 31 900 115 
0 31 700 97 
0 31 100 120 
0 31 0 97 
0 30 500 119 
0 29 800 97 
0 29 300 119 
0 28 800 97 
0 28 100 119 
0 26 600 98 
0 25 300 120 
0 25 0 97 
0 24 200 120 
0 24 0 97 
0 23 600 119 
0 22 800 97 
0 21 800 119 
