70
3 57 200 115 
3 56 900 97 
3 56 400 120 
3 55 800 97 
3 55 700 120 
3 53 800 100 
3 53 300 119 
3 53 100 100 
3 46 0 120 
3 45 700 97 
3 35 800 100 
3 35 300 119 
3 33 400 98 
3 32 600 120 
3 31 600 100 
3 31 200 120 
3 29 900 115 
3 29 600 100 
3 22 500 119 
3 20 300 97 
3 12 500 120 
3 11 800 100 
3 8 200 98 
3 7 600 100 
2 59 900 119 
2 58 200 97 
2 56 900 120 
2 56 100 97 
2 55 600 120 
2 54 900 97 
2 54 800 120 
2 54 200 119 
2 53 700 97 
2 52 0 115 
2 51 700 97 
2 50 500 119 
2 50 100 97 
2 49 800 120 
2 49 300 97 
2 48 900 120 
2 48 600 97 
2 48 100 119 
2 47 800 97 
2 45 900 120 
2 45 700 97 
2 45 100 120 
2 44 400 119 
2 44 300 100 
2 43 700 120 
2 42 900 97 
2 42 800 120 
2 42 200 97 
2 42 100 120 
2 41 500 97 
2 41 300 120 
2 40 600 100 
2 40 500 120 
2 39 300 100 
2 38 200 97 
2 37 600 119 
2 37 100 97 
2 35 700 98 
2 34 800 97 
2 34 100 120 
2 33 800 97 
2 32 600 119 
2 32 100 97 
2 31 500 120 
2 31 0 97 
2 30 600 120 
2 30 100 97 
2 29 600 119 
2 29 300 97 
2 28 100 120 
2 27 0 115 
2 26 600 120 
2 25 300 100 
2 24 700 119 
2 24 300 100 
2 20 900 120 
2 20 200 97 
2 19 600 120 
2 19 300 100 
2 17 900 119 
2 17 600 100 
2 16 300 98 
2 15 600 97 
2 15 200 120 
2 15 0 100 
2 14 500 100 
2 14 400 120 
2 14 0 100 
2 11 600 119 
2 11 200 100 
2 10 0 120 
2 9 800 100 
2 9 200 119 
2 8 900 100 
2 7 300 115 
2 7 200 100 
2 6 300 119 
2 5 100 98 
2 4 600 100 
2 3 700 120 
2 3 0 97 
2 2 600 120 
2 1 700 97 
2 1 300 100 
2 0 500 97 
2 0 100 119 
1 59 500 97 
1 57 900 115 
1 57 200 120 
1 56 0 97 
1 55 100 119 
1 54 700 97 
1 54 200 120 
1 53 800 97 
1 53 100 119 
1 52 700 97 
1 48 900 120 
1 48 800 97 
1 48 200 120 
1 47 200 100 
1 47 100 120 
1 46 600 100 
1 46 500 120 
1 45 400 100 
1 44 700 97 
1 43 900 119 
1 43 600 97 
1 43 100 120 
1 42 0 100 
1 41 600 119 
1 41 200 100 
1 37 900 120 
1 37 500 97 
1 36 600 100 
1 36 0 97 
1 35 100 100 
1 32 100 98 
1 31 500 97 
1 31 100 120 
1 30 900 97 
1 30 200 119 
1 30 0 97 
1 26 500 120 
1 26 400 97 
1 26 0 119 
1 25 500 97 
1 24 900 120 
1 24 300 100 
1 22 100 119 
1 21 700 100 
1 21 300 120 
1 20 800 100 
1 19 900 115 
1 19 600 100 
1 19 100 119 
1 17 600 98 
1 17 300 100 
1 14 400 119 
